Hamiltonian
2.312571639011004709e+00 4.718447854656915297e-16 0.000000000000000000e+00
6.661338147750939243e-16 2.350863434312020939e+00 1.110223024625156540e-16
0.000000000000000000e+00 1.665334536937734811e-16 2.372003530575541586e+00
Diagonalized
2.312571639011004709e+00 4.718447854656915297e-16 0.000000000000000000e+00
6.661338147750939243e-16 2.350863434312020939e+00 1.110223024625156540e-16
0.000000000000000000e+00 1.665334536937734811e-16 2.372003530575541586e+00
Transformation Matrix
8.092741567755150633e-01 -5.659196304312668069e-01 -1.575128917511751658e-01
4.789497688965279609e-01 7.909138763465242139e-01 -3.808705279704339697e-01
3.401212402206617580e-01 2.327879122614689433e-01 9.111132365714513792e-01
Hamiltonian
2.312571639011004709e+00 4.718447854656915297e-16 0.000000000000000000e+00
6.661338147750939243e-16 2.350863434312020939e+00 1.110223024625156540e-16
0.000000000000000000e+00 1.665334536937734811e-16 2.372003530575541586e+00
Diagonalized
2.312571639011004709e+00 4.718447854656915297e-16 0.000000000000000000e+00
6.661338147750939243e-16 2.350863434312020939e+00 1.110223024625156540e-16
0.000000000000000000e+00 1.665334536937734811e-16 2.372003530575541586e+00
Transformation Matrix
8.092741567755150633e-01 -5.659196304312668069e-01 -1.575128917511751658e-01
4.789497688965279609e-01 7.909138763465242139e-01 -3.808705279704339697e-01
3.401212402206617580e-01 2.327879122614689433e-01 9.111132365714513792e-01
Hamiltonian
2.312571639011004709e+00 4.718447854656915297e-16 0.000000000000000000e+00
6.661338147750939243e-16 2.350863434312020939e+00 1.110223024625156540e-16
0.000000000000000000e+00 1.665334536937734811e-16 2.372003530575541586e+00
Diagonalized
2.312571639011004709e+00 4.718447854656915297e-16 0.000000000000000000e+00
6.661338147750939243e-16 2.350863434312020939e+00 1.110223024625156540e-16
0.000000000000000000e+00 1.665334536937734811e-16 2.372003530575541586e+00
Transformation Matrix
8.092741567755150633e-01 -5.659196304312668069e-01 -1.575128917511751658e-01
4.789497688965279609e-01 7.909138763465242139e-01 -3.808705279704339697e-01
3.401212402206617580e-01 2.327879122614689433e-01 9.111132365714513792e-01
Hamiltonian
2.312571639011004709e+00 4.718447854656915297e-16 0.000000000000000000e+00
6.661338147750939243e-16 2.350863434312020939e+00 1.110223024625156540e-16
0.000000000000000000e+00 1.665334536937734811e-16 2.372003530575541586e+00
Diagonalized
2.312571639011004709e+00 4.718447854656915297e-16 0.000000000000000000e+00
6.661338147750939243e-16 2.350863434312020939e+00 1.110223024625156540e-16
0.000000000000000000e+00 1.665334536937734811e-16 2.372003530575541586e+00
Transformation Matrix
8.092741567755150633e-01 -5.659196304312668069e-01 -1.575128917511751658e-01
4.789497688965279609e-01 7.909138763465242139e-01 -3.808705279704339697e-01
3.401212402206617580e-01 2.327879122614689433e-01 9.111132365714513792e-01
Hamiltonian
2.312571639011004709e+00 4.718447854656915297e-16 0.000000000000000000e+00
6.661338147750939243e-16 2.350863434312020939e+00 1.110223024625156540e-16
0.000000000000000000e+00 1.665334536937734811e-16 2.372003530575541586e+00
Diagonalized
2.312571639011004709e+00 4.718447854656915297e-16 0.000000000000000000e+00
6.661338147750939243e-16 2.350863434312020939e+00 1.110223024625156540e-16
0.000000000000000000e+00 1.665334536937734811e-16 2.372003530575541586e+00
Transformation Matrix
8.092741567755150633e-01 -5.659196304312668069e-01 -1.575128917511751658e-01
4.789497688965279609e-01 7.909138763465242139e-01 -3.808705279704339697e-01
3.401212402206617580e-01 2.327879122614689433e-01 9.111132365714513792e-01
Hamiltonian
2.312571639011004709e+00 4.718447854656915297e-16 0.000000000000000000e+00
6.661338147750939243e-16 2.350863434312020939e+00 1.110223024625156540e-16
0.000000000000000000e+00 1.665334536937734811e-16 2.372003530575541586e+00
Diagonalized
2.312571639011004709e+00 4.718447854656915297e-16 0.000000000000000000e+00
6.661338147750939243e-16 2.350863434312020939e+00 1.110223024625156540e-16
0.000000000000000000e+00 1.665334536937734811e-16 2.372003530575541586e+00
Transformation Matrix
8.092741567755150633e-01 -5.659196304312668069e-01 -1.575128917511751658e-01
4.789497688965279609e-01 7.909138763465242139e-01 -3.808705279704339697e-01
3.401212402206617580e-01 2.327879122614689433e-01 9.111132365714513792e-01
Hamiltonian
2.312571639011004709e+00 4.718447854656915297e-16 0.000000000000000000e+00
6.661338147750939243e-16 2.350863434312020939e+00 1.110223024625156540e-16
0.000000000000000000e+00 1.665334536937734811e-16 2.372003530575541586e+00
Diagonalized
2.312571639011004709e+00 4.718447854656915297e-16 0.000000000000000000e+00
6.661338147750939243e-16 2.350863434312020939e+00 1.110223024625156540e-16
0.000000000000000000e+00 1.665334536937734811e-16 2.372003530575541586e+00
Transformation Matrix
8.092741567755150633e-01 -5.659196304312668069e-01 -1.575128917511751658e-01
4.789497688965279609e-01 7.909138763465242139e-01 -3.808705279704339697e-01
3.401212402206617580e-01 2.327879122614689433e-01 9.111132365714513792e-01
Hamiltonian
2.312571639011004709e+00 4.718447854656915297e-16 0.000000000000000000e+00
6.661338147750939243e-16 2.350863434312020939e+00 1.110223024625156540e-16
0.000000000000000000e+00 1.665334536937734811e-16 2.372003530575541586e+00
Diagonalized
2.312571639011004709e+00 4.718447854656915297e-16 0.000000000000000000e+00
6.661338147750939243e-16 2.350863434312020939e+00 1.110223024625156540e-16
0.000000000000000000e+00 1.665334536937734811e-16 2.372003530575541586e+00
Transformation Matrix
8.092741567755150633e-01 -5.659196304312668069e-01 -1.575128917511751658e-01
4.789497688965279609e-01 7.909138763465242139e-01 -3.808705279704339697e-01
3.401212402206617580e-01 2.327879122614689433e-01 9.111132365714513792e-01
Hamiltonian
2.312571639011004709e+00 4.718447854656915297e-16 0.000000000000000000e+00
6.661338147750939243e-16 2.350863434312020939e+00 1.110223024625156540e-16
0.000000000000000000e+00 1.665334536937734811e-16 2.372003530575541586e+00
Diagonalized
2.312571639011004709e+00 4.718447854656915297e-16 0.000000000000000000e+00
6.661338147750939243e-16 2.350863434312020939e+00 1.110223024625156540e-16
0.000000000000000000e+00 1.665334536937734811e-16 2.372003530575541586e+00
Transformation Matrix
8.092741567755150633e-01 -5.659196304312668069e-01 -1.575128917511751658e-01
4.789497688965279609e-01 7.909138763465242139e-01 -3.808705279704339697e-01
3.401212402206617580e-01 2.327879122614689433e-01 9.111132365714513792e-01
Hamiltonian
2.312571639011004709e+00 4.718447854656915297e-16 0.000000000000000000e+00
6.661338147750939243e-16 2.350863434312020939e+00 1.110223024625156540e-16
0.000000000000000000e+00 1.665334536937734811e-16 2.372003530575541586e+00
Diagonalized
2.312571639011004709e+00 4.718447854656915297e-16 0.000000000000000000e+00
6.661338147750939243e-16 2.350863434312020939e+00 1.110223024625156540e-16
0.000000000000000000e+00 1.665334536937734811e-16 2.372003530575541586e+00
Transformation Matrix
8.092741567755150633e-01 -5.659196304312668069e-01 -1.575128917511751658e-01
4.789497688965279609e-01 7.909138763465242139e-01 -3.808705279704339697e-01
3.401212402206617580e-01 2.327879122614689433e-01 9.111132365714513792e-01
Hamiltonian
2.312571639011004709e+00 4.718447854656915297e-16 0.000000000000000000e+00
6.661338147750939243e-16 2.350863434312020939e+00 1.110223024625156540e-16
0.000000000000000000e+00 1.665334536937734811e-16 2.372003530575541586e+00
Diagonalized
2.312571639011004709e+00 4.718447854656915297e-16 0.000000000000000000e+00
6.661338147750939243e-16 2.350863434312020939e+00 1.110223024625156540e-16
0.000000000000000000e+00 1.665334536937734811e-16 2.372003530575541586e+00
Transformation Matrix
8.092741567755150633e-01 -5.659196304312668069e-01 -1.575128917511751658e-01
4.789497688965279609e-01 7.909138763465242139e-01 -3.808705279704339697e-01
3.401212402206617580e-01 2.327879122614689433e-01 9.111132365714513792e-01
Hamiltonian
2.312571639011004709e+00 4.718447854656915297e-16 0.000000000000000000e+00
6.661338147750939243e-16 2.350863434312020939e+00 1.110223024625156540e-16
0.000000000000000000e+00 1.665334536937734811e-16 2.372003530575541586e+00
Diagonalized
2.312571639011004709e+00 4.718447854656915297e-16 0.000000000000000000e+00
6.661338147750939243e-16 2.350863434312020939e+00 1.110223024625156540e-16
0.000000000000000000e+00 1.665334536937734811e-16 2.372003530575541586e+00
Transformation Matrix
8.092741567755150633e-01 -5.659196304312668069e-01 -1.575128917511751658e-01
4.789497688965279609e-01 7.909138763465242139e-01 -3.808705279704339697e-01
3.401212402206617580e-01 2.327879122614689433e-01 9.111132365714513792e-01
Hamiltonian
2.312571639011004709e+00 4.718447854656915297e-16 0.000000000000000000e+00
6.661338147750939243e-16 2.350863434312020939e+00 1.110223024625156540e-16
0.000000000000000000e+00 1.665334536937734811e-16 2.372003530575541586e+00
Diagonalized
2.312571639011004709e+00 4.718447854656915297e-16 0.000000000000000000e+00
6.661338147750939243e-16 2.350863434312020939e+00 1.110223024625156540e-16
0.000000000000000000e+00 1.665334536937734811e-16 2.372003530575541586e+00
Transformation Matrix
8.092741567755150633e-01 -5.659196304312668069e-01 -1.575128917511751658e-01
4.789497688965279609e-01 7.909138763465242139e-01 -3.808705279704339697e-01
3.401212402206617580e-01 2.327879122614689433e-01 9.111132365714513792e-01
