Hamiltonian
2.261026450041177860e+00 3.330669073875469621e-16 1.665334536937734811e-16
0.000000000000000000e+00 2.394140632957707737e+00 2.220446049250313081e-16
0.000000000000000000e+00 0.000000000000000000e+00 2.448803443450624950e+00
Transformation Matrix
8.975297744236022668e-01 -4.356871426750654752e-01 6.794864038930037431e-02
2.896025516222646701e-01 4.662223632771065329e-01 -8.359228852437184942e-01
3.325216776647664796e-01 7.699437782643263617e-01 5.446245607710531456e-01
Diagonalized
2.261026450041177860e+00 3.330669073875469621e-16 1.665334536937734811e-16
0.000000000000000000e+00 2.394140632957707737e+00 2.220446049250313081e-16
0.000000000000000000e+00 0.000000000000000000e+00 2.448803443450624950e+00
Dipoles
8.633146362578012045e+00 2.949041715467370040e+01 3.687643648274825381e+01
Hamiltonian
2.289928792975453931e+00 -6.106226635438360972e-16 3.330669073875469621e-16
-8.326672684688674053e-17 2.393914030848967922e+00 2.220446049250313081e-16
0.000000000000000000e+00 1.665334536937734811e-16 2.421268582820304438e+00
Transformation Matrix
-6.844130596174118342e-01 6.978132951265100248e-01 2.112708426873321776e-01
-5.662452359054219730e-01 -6.912777537141917561e-01 4.488890731954544577e-01
-4.592875968710086743e-01 -1.875944358570996173e-01 -8.682529763818319646e-01
Diagonalized
2.289928792975453931e+00 -6.106226635438360972e-16 3.330669073875469621e-16
-8.326672684688674053e-17 2.393914030848967922e+00 2.220446049250313081e-16
0.000000000000000000e+00 1.665334536937734811e-16 2.421268582820304438e+00
Dipoles
9.510630635678233302e-01 3.709022095928041551e+01 3.695871597715174062e+01
Hamiltonian
2.221716928431559879e+00 4.579669976578770729e-16 -5.551115123125782702e-17
4.857225732735059864e-16 2.348105861342098866e+00 -1.665334536937734811e-16
1.110223024625156540e-16 0.000000000000000000e+00 2.496149474497697973e+00
Transformation Matrix
9.165815776280824556e-01 -3.830547314255374758e-01 -1.146616077216973673e-01
3.554925061618477433e-01 9.119522381628657470e-01 -2.048614003967267894e-01
1.830390385015821519e-01 1.470108432811971788e-01 9.720517076483983221e-01
Diagonalized
2.221716928431559879e+00 4.579669976578770729e-16 -5.551115123125782702e-17
4.857225732735059864e-16 2.348105861342098866e+00 -1.665334536937734811e-16
1.110223024625156540e-16 0.000000000000000000e+00 2.496149474497697973e+00
Dipoles
1.103307251668806188e+01 3.178934877969040684e+01 3.217757870362149930e+01
Hamiltonian
2.279035894546546093e+00 3.330669073875469621e-16 -4.440892098500626162e-16
7.771561172376095783e-16 2.388900737607735358e+00 -2.220446049250313081e-16
-4.440892098500626162e-16 -1.110223024625156540e-16 2.423103359221565611e+00
Transformation Matrix
-4.259277696649335088e-01 5.092475122839316137e-01 -7.478318703163713277e-01
-7.887303066515382044e-01 -6.139500190299468363e-01 3.114285636382840838e-02
-4.432719688832412186e-01 6.031022677504656038e-01 6.631573088164073315e-01
Diagonalized
2.279035894546546093e+00 3.330669073875469621e-16 -4.440892098500626162e-16
7.771561172376095783e-16 2.388900737607735358e+00 -2.220446049250313081e-16
-4.440892098500626162e-16 -1.110223024625156540e-16 2.423103359221565611e+00
Dipoles
3.140849565300950719e+00 3.439497097788379421e+01 3.746417945681523065e+01
Hamiltonian
2.208800918018262838e+00 6.175615574477433256e-16 2.220446049250313081e-16
2.359223927328457648e-16 2.306550146803918455e+00 -5.551115123125782702e-17
3.330669073875469621e-16 1.110223024625156540e-16 2.362720820252020459e+00
Transformation Matrix
-6.066499132162761487e-01 7.363059549535222459e-01 2.997155709913424948e-01
-7.019370950026689870e-01 -6.731076921548454495e-01 2.328311607607361222e-01
-3.731758264597251351e-01 6.913447375918391202e-02 -9.251811860841866464e-01
Diagonalized
2.208800918018262838e+00 6.175615574477433256e-16 2.220446049250313081e-16
2.359223927328457648e-16 2.306550146803918455e+00 -5.551115123125782702e-17
3.330669073875469621e-16 1.110223024625156540e-16 2.362720820252020459e+00
Dipoles
2.145922098669554412e+00 3.728110058543883554e+01 3.557297731589161316e+01
Hamiltonian
2.258701882137688077e+00 3.885780586188047891e-16 5.551115123125782702e-16
1.110223024625156540e-16 2.385827079596269495e+00 -2.220446049250313081e-16
1.110223024625156540e-16 4.440892098500626162e-16 2.432381562870919112e+00
Transformation Matrix
3.406088717717722925e-01 -6.430835846546114620e-01 -6.858783417036401486e-01
8.788033025511500229e-01 4.770601769194325881e-01 -1.087855793714687103e-02
3.342010650724390741e-01 -5.990468184919897077e-01 7.276349066386744724e-01
Diagonalized
2.258701882137688077e+00 3.885780586188047891e-16 5.551115123125782702e-16
1.110223024625156540e-16 2.385827079596269495e+00 -2.220446049250313081e-16
1.110223024625156540e-16 4.440892098500626162e-16 2.432381562870919112e+00
Dipoles
7.328573779693163814e+00 3.018334436175884861e+01 3.748808185854797870e+01
